1.040039062500000000e+02
1.215820312500000000e+02
1.845703125000000000e+02
2.416992187500000000e+02
2.504882812500000000e+02
3.178710937500000000e+02
3.193359375000000000e+02
3.764648437500000000e+02
4.116210937500000000e+02
4.760742187500000000e+02
5.244140625000000000e+02
5.449218750000000000e+02
5.668945312500000000e+02
6.108398437500000000e+02
6.137695312500000000e+02
6.284179687500000000e+02
6.606445312500000000e+02
6.796875000000000000e+02
7.001953125000000000e+02
7.280273437500000000e+02
7.324218750000000000e+02
7.397460937500000000e+02
8.525390625000000000e+02
8.774414062500000000e+02
8.906250000000000000e+02
9.082031250000000000e+02
9.345703125000000000e+02
1.094238281250000000e+03
1.205566406250000000e+03
1.227539062500000000e+03
1.231933593750000000e+03
1.246582031250000000e+03
1.274414062500000000e+03
1.391601562500000000e+03
1.473632812500000000e+03
1.557128906250000000e+03
1.564453125000000000e+03
1.732910156250000000e+03
1.768066406250000000e+03
1.961425781250000000e+03
