1.040039062500000000e+02
1.083984375000000000e+02
1.157226562500000000e+02
1.215820312500000000e+02
1.259765625000000000e+02
1.625976562500000000e+02
1.655273437500000000e+02
1.699218750000000000e+02
1.713867187500000000e+02
1.728515625000000000e+02
1.816406250000000000e+02
1.845703125000000000e+02
1.860351562500000000e+02
2.182617187500000000e+02
2.314453125000000000e+02
2.416992187500000000e+02
2.504882812500000000e+02
2.519531250000000000e+02
2.548828125000000000e+02
2.680664062500000000e+02
2.695312500000000000e+02
2.709960937500000000e+02
2.958984375000000000e+02
3.178710937500000000e+02
3.193359375000000000e+02
3.237304687500000000e+02
3.281250000000000000e+02
3.295898437500000000e+02
3.632812500000000000e+02
3.676757812500000000e+02
3.764648437500000000e+02
3.896484375000000000e+02
4.042968750000000000e+02
4.116210937500000000e+02
4.335937500000000000e+02
4.350585937500000000e+02
4.541015625000000000e+02
4.716796875000000000e+02
4.731445312500000000e+02
4.760742187500000000e+02
4.877929687500000000e+02
4.965820312500000000e+02
5.244140625000000000e+02
5.302734375000000000e+02
5.449218750000000000e+02
5.668945312500000000e+02
5.712890625000000000e+02
5.756835937500000000e+02
6.108398437500000000e+02
6.137695312500000000e+02
6.196289062500000000e+02
6.284179687500000000e+02
6.357421875000000000e+02
6.445312500000000000e+02
6.474609375000000000e+02
6.606445312500000000e+02
6.665039062500000000e+02
6.796875000000000000e+02
6.884765625000000000e+02
7.001953125000000000e+02
7.016601562500000000e+02
7.031250000000000000e+02
7.280273437500000000e+02
7.324218750000000000e+02
7.368164062500000000e+02
7.397460937500000000e+02
7.485351562500000000e+02
7.514648437500000000e+02
7.705078125000000000e+02
8.071289062500000000e+02
8.217773437500000000e+02
8.247070312500000000e+02
8.261718750000000000e+02
8.408203125000000000e+02
8.525390625000000000e+02
8.540039062500000000e+02
8.613281250000000000e+02
8.627929687500000000e+02
8.774414062500000000e+02
8.847656250000000000e+02
8.906250000000000000e+02
8.979492187500000000e+02
9.082031250000000000e+02
9.096679687500000000e+02
9.272460937500000000e+02
9.345703125000000000e+02
9.433593750000000000e+02
9.462890625000000000e+02
9.565429687500000000e+02
9.829101562500000000e+02
9.916992187500000000e+02
1.003417968750000000e+03
1.022460937500000000e+03
1.035644531250000000e+03
1.044433593750000000e+03
1.057617187500000000e+03
1.066406250000000000e+03
1.076660156250000000e+03
1.078125000000000000e+03
1.094238281250000000e+03
1.103027343750000000e+03
1.114746093750000000e+03
1.127929687500000000e+03
1.136718750000000000e+03
1.138183593750000000e+03
1.142578125000000000e+03
1.161621093750000000e+03
1.189453125000000000e+03
1.205566406250000000e+03
1.215820312500000000e+03
1.217285156250000000e+03
1.227539062500000000e+03
1.229003906250000000e+03
1.231933593750000000e+03
1.243652343750000000e+03
1.246582031250000000e+03
1.255371093750000000e+03
1.274414062500000000e+03
1.284667968750000000e+03
1.291992187500000000e+03
1.325683593750000000e+03
1.327148437500000000e+03
1.338867187500000000e+03
1.344726562500000000e+03
1.352050781250000000e+03
1.359375000000000000e+03
1.369628906250000000e+03
1.376953125000000000e+03
1.391601562500000000e+03
1.415039062500000000e+03
1.464843750000000000e+03
1.473632812500000000e+03
1.482421875000000000e+03
1.486816406250000000e+03
1.492675781250000000e+03
1.536621093750000000e+03
1.557128906250000000e+03
1.558593750000000000e+03
1.564453125000000000e+03
1.568847656250000000e+03
1.596679687500000000e+03
1.612792968750000000e+03
1.630371093750000000e+03
1.645019531250000000e+03
1.675781250000000000e+03
1.677246093750000000e+03
1.690429687500000000e+03
1.732910156250000000e+03
1.759277343750000000e+03
1.768066406250000000e+03
1.779785156250000000e+03
1.807617187500000000e+03
1.853027343750000000e+03
1.877929687500000000e+03
1.929199218750000000e+03
1.940917968750000000e+03
1.955566406250000000e+03
1.961425781250000000e+03
1.984863281250000000e+03
1.986328125000000000e+03
