1.040039062500000000e+02
1.083984375000000000e+02
1.157226562500000000e+02
1.215820312500000000e+02
1.259765625000000000e+02
1.523437500000000000e+02
1.625976562500000000e+02
1.640625000000000000e+02
1.655273437500000000e+02
1.699218750000000000e+02
1.713867187500000000e+02
1.728515625000000000e+02
1.816406250000000000e+02
1.845703125000000000e+02
1.860351562500000000e+02
2.036132812500000000e+02
2.182617187500000000e+02
2.314453125000000000e+02
2.329101562500000000e+02
2.416992187500000000e+02
2.504882812500000000e+02
2.519531250000000000e+02
2.534179687500000000e+02
2.548828125000000000e+02
2.680664062500000000e+02
2.695312500000000000e+02
2.709960937500000000e+02
2.885742187500000000e+02
2.958984375000000000e+02
3.178710937500000000e+02
3.193359375000000000e+02
3.237304687500000000e+02
3.281250000000000000e+02
3.295898437500000000e+02
3.427734375000000000e+02
3.486328125000000000e+02
3.544921875000000000e+02
3.632812500000000000e+02
3.676757812500000000e+02
3.764648437500000000e+02
3.896484375000000000e+02
4.028320312500000000e+02
4.042968750000000000e+02
4.086914062500000000e+02
4.116210937500000000e+02
4.160156250000000000e+02
4.335937500000000000e+02
4.350585937500000000e+02
4.541015625000000000e+02
4.584960937500000000e+02
4.599609375000000000e+02
4.702148437500000000e+02
4.716796875000000000e+02
4.731445312500000000e+02
4.760742187500000000e+02
4.863281250000000000e+02
4.877929687500000000e+02
4.965820312500000000e+02
5.024414062500000000e+02
5.097656250000000000e+02
5.244140625000000000e+02
5.302734375000000000e+02
5.332031250000000000e+02
5.346679687500000000e+02
5.375976562500000000e+02
5.449218750000000000e+02
5.478515625000000000e+02
5.668945312500000000e+02
5.712890625000000000e+02
5.756835937500000000e+02
5.888671875000000000e+02
6.035156250000000000e+02
6.108398437500000000e+02
6.123046875000000000e+02
6.137695312500000000e+02
6.152343750000000000e+02
6.196289062500000000e+02
6.254882812500000000e+02
6.284179687500000000e+02
6.298828125000000000e+02
6.357421875000000000e+02
6.445312500000000000e+02
6.474609375000000000e+02
6.606445312500000000e+02
6.665039062500000000e+02
6.796875000000000000e+02
6.870117187500000000e+02
6.884765625000000000e+02
7.001953125000000000e+02
7.016601562500000000e+02
7.031250000000000000e+02
7.089843750000000000e+02
7.133789062500000000e+02
7.280273437500000000e+02
7.324218750000000000e+02
7.368164062500000000e+02
7.397460937500000000e+02
7.485351562500000000e+02
7.514648437500000000e+02
7.529296875000000000e+02
7.602539062500000000e+02
7.631835937500000000e+02
7.646484375000000000e+02
7.705078125000000000e+02
7.763671875000000000e+02
7.778320312500000000e+02
7.895507812500000000e+02
8.071289062500000000e+02
8.188476562500000000e+02
8.217773437500000000e+02
8.247070312500000000e+02
8.261718750000000000e+02
8.408203125000000000e+02
8.481445312500000000e+02
8.496093750000000000e+02
8.525390625000000000e+02
8.540039062500000000e+02
8.613281250000000000e+02
8.627929687500000000e+02
8.774414062500000000e+02
8.833007812500000000e+02
8.847656250000000000e+02
8.906250000000000000e+02
8.979492187500000000e+02
9.023437500000000000e+02
9.082031250000000000e+02
9.096679687500000000e+02
9.213867187500000000e+02
9.272460937500000000e+02
9.345703125000000000e+02
9.375000000000000000e+02
9.433593750000000000e+02
9.462890625000000000e+02
9.506835937500000000e+02
9.565429687500000000e+02
9.829101562500000000e+02
9.916992187500000000e+02
1.001953125000000000e+03
1.003417968750000000e+03
1.016601562500000000e+03
1.018066406250000000e+03
1.022460937500000000e+03
1.023925781250000000e+03
1.035644531250000000e+03
1.040039062500000000e+03
1.044433593750000000e+03
1.054687500000000000e+03
1.057617187500000000e+03
1.066406250000000000e+03
1.075195312500000000e+03
1.076660156250000000e+03
1.078125000000000000e+03
1.082519531250000000e+03
1.092773437500000000e+03
1.094238281250000000e+03
1.103027343750000000e+03
1.108886718750000000e+03
1.114746093750000000e+03
1.127929687500000000e+03
1.133789062500000000e+03
1.136718750000000000e+03
1.138183593750000000e+03
1.142578125000000000e+03
1.157226562500000000e+03
1.161621093750000000e+03
1.168945312500000000e+03
1.174804687500000000e+03
1.189453125000000000e+03
1.195312500000000000e+03
1.205566406250000000e+03
1.207031250000000000e+03
1.214355468750000000e+03
1.215820312500000000e+03
1.217285156250000000e+03
1.227539062500000000e+03
1.229003906250000000e+03
1.231933593750000000e+03
1.240722656250000000e+03
1.243652343750000000e+03
1.246582031250000000e+03
1.255371093750000000e+03
1.256835937500000000e+03
1.271484375000000000e+03
1.274414062500000000e+03
1.278808593750000000e+03
1.284667968750000000e+03
1.290527343750000000e+03
1.291992187500000000e+03
1.312500000000000000e+03
1.316894531250000000e+03
1.322753906250000000e+03
1.325683593750000000e+03
1.327148437500000000e+03
1.338867187500000000e+03
1.344726562500000000e+03
1.352050781250000000e+03
1.357910156250000000e+03
1.359375000000000000e+03
1.366699218750000000e+03
1.369628906250000000e+03
1.376953125000000000e+03
1.391601562500000000e+03
1.398925781250000000e+03
1.410644531250000000e+03
1.415039062500000000e+03
1.456054687500000000e+03
1.458984375000000000e+03
1.464843750000000000e+03
1.473632812500000000e+03
1.482421875000000000e+03
1.485351562500000000e+03
1.486816406250000000e+03
1.492675781250000000e+03
1.516113281250000000e+03
1.535156250000000000e+03
1.536621093750000000e+03
1.557128906250000000e+03
1.558593750000000000e+03
1.564453125000000000e+03
1.568847656250000000e+03
1.577636718750000000e+03
1.582031250000000000e+03
1.586425781250000000e+03
1.593750000000000000e+03
1.595214843750000000e+03
1.596679687500000000e+03
1.601074218750000000e+03
1.608398437500000000e+03
1.611328125000000000e+03
1.612792968750000000e+03
1.618652343750000000e+03
1.625976562500000000e+03
1.630371093750000000e+03
1.637695312500000000e+03
1.643554687500000000e+03
1.645019531250000000e+03
1.658203125000000000e+03
1.675781250000000000e+03
1.677246093750000000e+03
1.690429687500000000e+03
1.709472656250000000e+03
1.710937500000000000e+03
1.712402343750000000e+03
1.732910156250000000e+03
1.756347656250000000e+03
1.757812500000000000e+03
1.759277343750000000e+03
1.768066406250000000e+03
1.773925781250000000e+03
1.779785156250000000e+03
1.785644531250000000e+03
1.807617187500000000e+03
1.809082031250000000e+03
1.829589843750000000e+03
1.847167968750000000e+03
1.853027343750000000e+03
1.870605468750000000e+03
1.875000000000000000e+03
1.877929687500000000e+03
1.889648437500000000e+03
1.929199218750000000e+03
1.940917968750000000e+03
1.954101562500000000e+03
1.955566406250000000e+03
1.961425781250000000e+03
1.971679687500000000e+03
1.973144531250000000e+03
1.984863281250000000e+03
1.986328125000000000e+03
1.989257812500000000e+03
